 1 180
 3 180
 4 361
 6 361
 7 180
 9 180
 10 361
 12 180
 14 180
 15 361
 17 180
 18 180
 20 180
 21 180
 23 180
 25 361
 26 361
 28 180
 29 361
 31 180
 32 180
 34 180
 35 180
 37 361
 39 361
 40 180
 42 361
 43 361
 45 361
 46 180
 48 361
 50 180
 51 361
 53 180
 54 361
 56 361
 57 180
 59 180
 60 180
 62 361
 64 361
 65 361
 67 180
 68 180
 70 361
 71 361
 73 361
 75 361
 76 361
 78 180
 79 361
 81 180
 82 180
 84 361
 85 361
 87 361
 89 361
 90 180
 92 361
 93 180
 95 361
 96 361
 98 180
 100 180
