 1 301
 3 301
 4 150
 6 301
 7 301
 9 120 180 301
 10 301
 12 120
 14 301
 15 301
 17 150 180 301
 18 120
 20 301
 21 150
 23 301
 25 150
 26 150 180 301
 28 150
 29 301
 31 120
 32 301
 34 301
 35 120
 37 150
 39 120 180 301
 40 120 180 301
 42 301
 43 301
 45 150
 46 120
 48 301
 50 150 180 301
 51 120
 53 301
 54 301
 56 301
 57 301
 59 150
 60 301
 62 301
 64 301
 65 301
 67 301
 68 301
 70 150
 71 301
 73 120
 75 301
 76 301
 78 301
 79 120
 81 120
 82 120
 84 120
 85 301
 87 301
 89 301
 90 150
 92 301
 93 150
 95 150
 96 301
 98 301
 100 150
